100
6987083
8460583
6865010
3023326
2044523
4751053
4461641
592432
9999996
2610613
7783893
6716541
9999999
2
8873129
13
7203246
3877633
9999995
1507483
6704676
9999991
10
8291470
11
5103067
9325574
6537523
7762723
9999931
9
8184167
8
9516811
615403
8763892
2196613
9999997
4
2295773
559513
4572049
140839
9999161
2360890
9999998
9999972
3929879
9682616
3702389
8237213
4170220
9999162
7
1221469
1481717
1862603
3323191
928009
5
9999971
6697461
9309119
8603593
390548
3855409
6
4461643
8248729
9971849
4461642
2872729
1750607
1281246
5001361
3410821
3
9999929
8697851
9999930
6735763
1144
9299449
3949061
4936439
9999973
1
3132736
5388168
5462959
9987391
10000000
6463741
7742461
9999163
12
5094841
3191803
2896297
1264969
