91039.890020367
89275.122549020
106937.611111111
96858.733870968
88818.374407583
98044.902366864
98521.483870968
98011.017857143
83994.300813008
97471.288659794
97509.747663551
115243.568870523
86946.982107356
90599.264150943
101456.964912281
95158.923076923
86201.241697417
106158.702060222
88119.378205128
107347.160401003
99632.801801802
97151.648000000
98576.353846154
89113.778554779
90640.532500000
104285.404938272
102696.370118846
99626.151197605
99860.555555556
95026.221649485
99777.937500000
99568.728260870
96402.744939271
92795.540925267
98558.377358491
100838.223684211
105449.212062257
101840.718498660
94603.692028986
88420.465324385
96126.197333333
99631.914634146
99498.972222222
96850.834080717
96901.201612903
98338.108786611
95691.795620438
109597.046040516
94898.219387755
87005.618577075
90900.530898876
81867.089393939
88844.805104408
96454.584615385
91112.834733894
110720.898100173
112856.892035398
90482.221079692
89243.973621103
100576.703883495
90778.046783626
95017.534338358
99549.121212121
99425.941176471
83381.531626506
113383.286632391
90933.776836158
78342.304147465
102543.052356021
100131.285714286
111448.120921305
85266.204013378
98897.750000000
104534.283333333
104753.141666667
101386.096000000
97466.245098039
81881.904761905
86128.766071429
