100
7668 468727 8
352 116029 3
3207 523325 2
2428 914457 2
2965 769993 4
7558 716225 8
886 56750 8
1000000000 1000000000000000000 1
3725 832955 1
7800 282033 2
4131 988357 1
9151 163110 6
1405 52064 3
6311 744038 5
4609 64949 8
3825 934105 6
3976 759716 7
1209 371972 7
2499 989424 7
8324 696474 7
938 717057 3
7977 626769 9
2433 588437 7
9597 30751 2
5630 555906 6
5303 577653 4
573 319349 5
5579 763362 2
3127 909969 3
2519 171840 3
34432 9999920 222
3748 207521 4
4401 792858 5
8135 346033 4
22322 22322 1
5230 55195 9
9705 834597 8
21345 4441283 13
0 100 2
4766 385349 3
2871 611476 1
1925 194236 4
4017 755925 4
9523 81976 5
5649 246089 1
1616 875376 6
9352 507517 9
9286 976503 2
3376 156586 6
8439 865622 9
2789 205886 5
2675 641763 3
7243 39232 6
0 132 1
121 132 1
7597 115191 5
9046 160519 7
9929 160753 4
701 837097 8
332 539995 7
1813 539974 3
852 514597 2
1056 45030 4
1712 931656 3
8989 909410 5
4945 279540 7
4827 379304 8
1363 123520 8
646 753992 3
6916 519450 6
8764 690922 4
5759 165757 6
39 1000000 3
9628 221919 9
10 22322 2
0 1000000000000000000 1000000000
8892 186601 5
6673 645665 9
1516 476245 5
1002 914907 8
121 121 11
9385 146808 1
1396 974496 5
0 1000000000000000000 1
6153 882984 8
7998 968182 1
2035 587687 6
121 131 1
2228 961000 6
490 499674 1
999 99999 78788
5272 393026 2
6760 325542 7
100000 1000000000000000000 3
5811 811662 1
1108 708286 6
1033 109791 2
3491 376189 1
2590 45700 5
1551 635917 7
